
  0.000
  0.501
  1.001
  1.502
  2.002
  2.503
  3.003
  3.504
  4.004
  4.505
  5.005
  5.506
  6.006
  6.507
  7.007
  7.508
  8.008
  8.509
  9.009
  9.510
 10.010
 10.511
 11.011
 11.512
 12.012
 12.513
 13.013
 13.514
 14.014
 14.515
 15.015
 15.516
 16.016
 16.517
 17.017
 17.518
 18.018
 18.519
 19.019
 19.520
 20.020
 20.521
 21.021
 21.522
 22.022
 22.523
 23.023
 23.524
 24.024
 24.525
 25.025
 25.526
 26.026
 26.527
 27.027
 27.528
 28.028
 28.529
 29.029
 29.530
 30.030
 30.531
 31.031
 31.532
 32.032
 32.533
 33.033
 33.534
 34.034
 34.535
 35.035
 35.536
 36.036
 36.537
 37.037
 37.538
 38.038
 38.539
 39.039
 39.540
 40.040
 40.541
 41.041
 41.542
 42.042
 42.543
 43.043
 43.544
 44.044
 44.545
 45.045
 45.546
 46.046
 46.547
 47.047
 47.548
 48.048
 48.549
 49.049
 49.550
 50.050
 50.551
 51.051
 51.552
 52.052
 52.553
 53.053
 53.554
 54.054
 54.555
 55.055
 55.556
 56.056
 56.556
 57.057
 57.557
 58.058
 58.558
 59.059
 59.559
 60.060
 60.560
 61.061
 61.561
 62.062
 62.562
 63.063
 63.563
 64.064
 64.564
 65.065
 65.566
 66.066
 66.567
 67.067
 67.568
 68.068
 68.569
 69.069
 69.570
 70.070
 70.571
 71.071
 71.572
 72.072
 72.573
 73.073
 73.574
 74.074
 74.575
 75.075
 75.576
 76.076
 76.577
 77.077
 77.578
 78.078
 78.579
 79.079
 79.580
 80.080
 80.581
 81.081
 81.582
 82.082
 82.583
 83.083
 83.584
 84.084
 84.585
 85.085
 85.586
 86.086
 86.587
 87.087
 87.588
 88.088
 88.589
 89.089
 89.590
 90.090
 90.591
 91.091
 91.592
 92.092
 92.593
 93.093
 93.594
 94.094
 94.595
 95.095
 95.596
 96.096
 96.597
 97.097
 97.598
 98.098
 98.599
 99.099
 99.600
 100.100
 100.601
 101.101
 101.602
 102.102
 102.603
 103.103
 103.604
 104.104
 104.605
 105.105
 105.606
 106.106
 106.607
 107.107
 107.608
 108.108
 108.609
 109.109
 109.610
 110.110
 110.611
 111.111
 111.612
 112.112
 112.613
 113.113
 113.614
 114.114
 114.615
 115.115
 115.616
 116.116
 116.617
 117.117
 117.618
 118.118
 118.619
 119.119
 119.620
 120.120
 120.621
 121.121
 121.622
 122.122
 122.623
 123.123
 123.624
 124.124
 124.625
 125.125
 125.626
 126.126
 126.627
 127.127
 127.628
 128.128
 128.629
 129.129
 129.630
 130.130
 130.631
 131.131
 131.632
 132.132
 132.633
 133.133
 133.634
 134.134
 134.635
 135.135
 135.636
 136.137
 136.637
 137.138
 137.638
 138.139
 138.639
 139.140
 139.640
 140.141
 140.641
 141.142
 141.642
 142.143
 142.643
 143.144
 143.644
 144.145
 144.645
 145.146
 145.646
 146.147
 146.647
 147.148
 147.648
 148.149
 148.649
 149.150
 149.650
 150.151
 150.651
 151.152
 151.652
 152.153
 152.653
 153.154
 153.654
 154.155
 154.655
 155.156
 155.656
 156.157
 156.657
 157.158
 157.658
 158.159
 158.659
 159.160
 159.660
 160.161
 160.661
 161.162
 161.662
 162.163
 162.663
 163.164
 163.664
 164.165
 164.665
 165.166
 165.666
 166.167
 166.667
 167.168
 167.668
 168.169
 168.669
 169.170
 169.670
 170.171
 170.671
 171.172
 171.672
 172.173
 172.673
 173.174
 173.674
 174.175
 174.675
 175.176
 175.676
 176.177
 176.677
 177.178
 177.678
 178.179
 178.679
 179.180
 179.680
 180.181
 180.681
 181.182
 181.682
 182.183
 182.683
 183.184
 183.684
 184.185
 184.685
 185.186
 185.686
 186.187
 186.687
 187.188
 187.688
 188.189
 188.689
 189.190
 189.690
 190.191
 190.691
 191.192
 191.692
 192.193
 192.693
 193.194
 193.694
 194.195
 194.695
 195.196
 195.696
 196.197
 196.697
 197.198
 197.698
 198.199
 198.699
 199.200
 199.700
 200.201
 200.701
 201.202
 201.702
 202.203
 202.703
 203.204
 203.704
 204.205
 204.705
 205.206
 205.706
 206.207
 206.708
 207.208
 207.709
 208.209
 208.710
 209.210
 209.711
 210.211
 210.712
 211.212
 211.713
 212.213
 212.714
 213.214
 213.715
 214.215
 214.716
 215.216
 215.717
 216.217
 216.718
 217.218
 217.719
 218.219
 218.720
 219.220
 219.721
 220.221
 220.722
 221.222
 221.723
 222.223
 222.724
 223.224
 223.725
 224.225
 224.726
 225.226
 225.727
 226.227
 226.728
 227.228
 227.729
 228.229
 228.730
 229.230
 229.731
 230.231
 230.732
 231.232
 231.733
 232.233
 232.734
 233.234
 233.735
 234.235
 234.736
 235.236
 235.737
 236.237
 236.738
 237.238
 237.739
 238.239
 238.740
 239.240
 239.741
 240.241
 240.742
 241.242
 241.743
 242.243
 242.744
 243.244
 243.745
 244.245
 244.746
 245.246
 245.747
 246.247
 246.748
 247.248
 247.749
 248.249
 248.750
 249.250
 249.751
 249.250
 248.750
 248.249
 247.749
 247.248
 246.748
 246.247
 245.747
 245.246
 244.746
 244.245
 243.745
 243.244
 242.744
 242.243
 241.743
 241.242
 240.742
 240.241
 239.741
 239.240
 238.740
 238.239
 237.739
 237.238
 236.738
 236.237
 235.737
 235.236
 234.736
 234.235
 233.735
 233.234
 232.734
 232.233
 231.733
 231.232
 230.732
 230.231
 229.731
 229.230
 228.730
 228.229
 227.729
 227.228
 226.728
 226.227
 225.727
 225.226
 224.726
 224.225
 223.725
 223.224
 222.724
 222.223
 221.723
 221.222
 220.722
 220.221
 219.721
 219.220
 218.720
 218.219
 217.719
 217.218
 216.718
 216.217
 215.717
 215.216
 214.716
 214.215
 213.715
 213.214
 212.714
 212.213
 211.713
 211.212
 210.712
 210.211
 209.711
 209.210
 208.710
 208.209
 207.709
 207.208
 206.708
 206.207
 205.706
 205.206
 204.705
 204.205
 203.704
 203.204
 202.703
 202.203
 201.702
 201.202
 200.701
 200.201
 199.700
 199.200
 198.699
 198.199
 197.698
 197.198
 196.697
 196.197
 195.696
 195.196
 194.695
 194.195
 193.694
 193.194
 192.693
 192.193
 191.692
 191.192
 190.691
 190.191
 189.690
 189.190
 188.689
 188.189
 187.688
 187.188
 186.687
 186.187
 185.686
 185.186
 184.685
 184.185
 183.684
 183.184
 182.683
 182.183
 181.682
 181.182
 180.681
 180.181
 179.680
 179.180
 178.679
 178.179
 177.678
 177.178
 176.677
 176.177
 175.676
 175.176
 174.675
 174.175
 173.674
 173.174
 172.673
 172.173
 171.672
 171.172
 170.671
 170.171
 169.670
 169.170
 168.669
 168.169
 167.668
 167.168
 166.667
 166.167
 165.666
 165.166
 164.665
 164.165
 163.664
 163.164
 162.663
 162.163
 161.662
 161.162
 160.661
 160.161
 159.660
 159.160
 158.659
 158.159
 157.658
 157.158
 156.657
 156.157
 155.656
 155.156
 154.655
 154.155
 153.654
 153.154
 152.653
 152.153
 151.652
 151.152
 150.651
 150.151
 149.650
 149.150
 148.649
 148.149
 147.648
 147.148
 146.647
 146.147
 145.646
 145.146
 144.645
 144.145
 143.644
 143.144
 142.643
 142.143
 141.642
 141.142
 140.641
 140.141
 139.640
 139.140
 138.639
 138.139
 137.638
 137.138
 136.637
 136.137
 135.636
 135.135
 134.635
 134.134
 133.634
 133.133
 132.633
 132.132
 131.632
 131.131
 130.631
 130.130
 129.630
 129.129
 128.629
 128.128
 127.628
 127.127
 126.627
 126.126
 125.626
 125.125
 124.625
 124.124
 123.624
 123.123
 122.623
 122.122
 121.622
 121.121
 120.621
 120.120
 119.620
 119.119
 118.619
 118.118
 117.618
 117.117
 116.617
 116.116
 115.616
 115.115
 114.615
 114.114
 113.614
 113.113
 112.613
 112.112
 111.612
 111.111
 110.611
 110.110
 109.610
 109.109
 108.609
 108.108
 107.608
 107.107
 106.607
 106.106
 105.606
 105.105
 104.605
 104.104
 103.604
 103.103
 102.603
 102.102
 101.602
 101.101
 100.601
 100.100
 99.600
 99.099
 98.599
 98.098
 97.598
 97.097
 96.597
 96.096
 95.596
 95.095
 94.595
 94.094
 93.594
 93.093
 92.593
 92.092
 91.592
 91.091
 90.591
 90.090
 89.590
 89.089
 88.589
 88.088
 87.588
 87.087
 86.587
 86.086
 85.586
 85.085
 84.585
 84.084
 83.584
 83.083
 82.583
 82.082
 81.582
 81.081
 80.581
 80.080
 79.580
 79.079
 78.579
 78.078
 77.578
 77.077
 76.577
 76.076
 75.576
 75.075
 74.575
 74.074
 73.574
 73.073
 72.573
 72.072
 71.572
 71.071
 70.571
 70.070
 69.570
 69.069
 68.569
 68.068
 67.568
 67.067
 66.567
 66.066
 65.566
 65.065
 64.564
 64.064
 63.563
 63.063
 62.562
 62.062
 61.561
 61.061
 60.560
 60.060
 59.559
 59.059
 58.558
 58.058
 57.557
 57.057
 56.556
 56.056
 55.556
 55.055
 54.555
 54.054
 53.554
 53.053
 52.553
 52.052
 51.552
 51.051
 50.551
 50.050
 49.550
 49.049
 48.549
 48.048
 47.548
 47.047
 46.547
 46.046
 45.546
 45.045
 44.545
 44.044
 43.544
 43.043
 42.543
 42.042
 41.542
 41.041
 40.541
 40.040
 39.540
 39.039
 38.539
 38.038
 37.538
 37.037
 36.537
 36.036
 35.536
 35.035
 34.535
 34.034
 33.534
 33.033
 32.533
 32.032
 31.532
 31.031
 30.531
 30.030
 29.530
 29.029
 28.529
 28.028
 27.528
 27.027
 26.527
 26.026
 25.526
 25.025
 24.525
 24.024
 23.524
 23.023
 22.523
 22.022
 21.522
 21.021
 20.521
 20.020
 19.520
 19.019
 18.519
 18.018
 17.518
 17.017
 16.517
 16.016
 15.516
 15.015
 14.515
 14.014
 13.514
 13.013
 12.513
 12.012
 11.512
 11.011
 10.511
 10.010
  9.510
  9.009
  8.509
  8.008
  7.508
  7.007
  6.507
  6.006
  5.506
  5.005
  4.505
  4.004
  3.504
  3.003
  2.503
  2.002
  1.502
  1.001
  0.501
  0.000