
 -10.000
 -9.980
 -9.960
 -9.940
 -9.920
 -9.900
 -9.880
 -9.860
 -9.840
 -9.820
 -9.800
 -9.780
 -9.760
 -9.740
 -9.720
 -9.700
 -9.680
 -9.660
 -9.640
 -9.620
 -9.600
 -9.580
 -9.560
 -9.540
 -9.520
 -9.499
 -9.479
 -9.459
 -9.439
 -9.419
 -9.399
 -9.379
 -9.359
 -9.339
 -9.319
 -9.299
 -9.279
 -9.259
 -9.239
 -9.219
 -9.199
 -9.179
 -9.159
 -9.139
 -9.119
 -9.099
 -9.079
 -9.059
 -9.039
 -9.019
 -8.999
 -8.979
 -8.959
 -8.939
 -8.919
 -8.899
 -8.879
 -8.859
 -8.839
 -8.819
 -8.799
 -8.779
 -8.759
 -8.739
 -8.719
 -8.699
 -8.679
 -8.659
 -8.639
 -8.619
 -8.599
 -8.579
 -8.559
 -8.539
 -8.519
 -8.498
 -8.478
 -8.458
 -8.438
 -8.418
 -8.398
 -8.378
 -8.358
 -8.338
 -8.318
 -8.298
 -8.278
 -8.258
 -8.238
 -8.218
 -8.198
 -8.178
 -8.158
 -8.138
 -8.118
 -8.098
 -8.078
 -8.058
 -8.038
 -8.018
 -7.998
 -7.978
 -7.958
 -7.938
 -7.918
 -7.898
 -7.878
 -7.858
 -7.838
 -7.818
 -7.798
 -7.778
 -7.758
 -7.738
 -7.718
 -7.698
 -7.678
 -7.658
 -7.638
 -7.618
 -7.598
 -7.578
 -7.558
 -7.538
 -7.518
 -7.497
 -7.477
 -7.457
 -7.437
 -7.417
 -7.397
 -7.377
 -7.357
 -7.337
 -7.317
 -7.297
 -7.277
 -7.257
 -7.237
 -7.217
 -7.197
 -7.177
 -7.157
 -7.137
 -7.117
 -7.097
 -7.077
 -7.057
 -7.037
 -7.017
 -6.997
 -6.977
 -6.957
 -6.937
 -6.917
 -6.897
 -6.877
 -6.857
 -6.837
 -6.817
 -6.797
 -6.777
 -6.757
 -6.737
 -6.717
 -6.697
 -6.677
 -6.657
 -6.637
 -6.617
 -6.597
 -6.577
 -6.557
 -6.537
 -6.517
 -6.496
 -6.476
 -6.456
 -6.436
 -6.416
 -6.396
 -6.376
 -6.356
 -6.336
 -6.316
 -6.296
 -6.276
 -6.256
 -6.236
 -6.216
 -6.196
 -6.176
 -6.156
 -6.136
 -6.116
 -6.096
 -6.076
 -6.056
 -6.036
 -6.016
 -5.996
 -5.976
 -5.956
 -5.936
 -5.916
 -5.896
 -5.876
 -5.856
 -5.836
 -5.816
 -5.796
 -5.776
 -5.756
 -5.736
 -5.716
 -5.696
 -5.676
 -5.656
 -5.636
 -5.616
 -5.596
 -5.576
 -5.556
 -5.536
 -5.516
 -5.495
 -5.475
 -5.455
 -5.435
 -5.415
 -5.395
 -5.375
 -5.355
 -5.335
 -5.315
 -5.295
 -5.275
 -5.255
 -5.235
 -5.215
 -5.195
 -5.175
 -5.155
 -5.135
 -5.115
 -5.095
 -5.075
 -5.055
 -5.035
 -5.015
 -4.995
 -4.975
 -4.955
 -4.935
 -4.915
 -4.895
 -4.875
 -4.855
 -4.835
 -4.815
 -4.795
 -4.775
 -4.755
 -4.735
 -4.715
 -4.695
 -4.675
 -4.655
 -4.635
 -4.615
 -4.595
 -4.575
 -4.555
 -4.535
 -4.515
 -4.494
 -4.474
 -4.454
 -4.434
 -4.414
 -4.394
 -4.374
 -4.354
 -4.334
 -4.314
 -4.294
 -4.274
 -4.254
 -4.234
 -4.214
 -4.194
 -4.174
 -4.154
 -4.134
 -4.114
 -4.094
 -4.074
 -4.054
 -4.034
 -4.014
 -3.994
 -3.974
 -3.954
 -3.934
 -3.914
 -3.894
 -3.874
 -3.854
 -3.834
 -3.814
 -3.794
 -3.774
 -3.754
 -3.734
 -3.714
 -3.694
 -3.674
 -3.654
 -3.634
 -3.614
 -3.594
 -3.574
 -3.554
 -3.534
 -3.514
 -3.493
 -3.473
 -3.453
 -3.433
 -3.413
 -3.393
 -3.373
 -3.353
 -3.333
 -3.313
 -3.293
 -3.273
 -3.253
 -3.233
 -3.213
 -3.193
 -3.173
 -3.153
 -3.133
 -3.113
 -3.093
 -3.073
 -3.053
 -3.033
 -3.013
 -2.993
 -2.973
 -2.953
 -2.933
 -2.913
 -2.893
 -2.873
 -2.853
 -2.833
 -2.813
 -2.793
 -2.773
 -2.753
 -2.733
 -2.713
 -2.693
 -2.673
 -2.653
 -2.633
 -2.613
 -2.593
 -2.573
 -2.553
 -2.533
 -2.513
 -2.492
 -2.472
 -2.452
 -2.432
 -2.412
 -2.392
 -2.372
 -2.352
 -2.332
 -2.312
 -2.292
 -2.272
 -2.252
 -2.232
 -2.212
 -2.192
 -2.172
 -2.152
 -2.132
 -2.112
 -2.092
 -2.072
 -2.052
 -2.032
 -2.012
 -1.992
 -1.972
 -1.952
 -1.932
 -1.912
 -1.892
 -1.872
 -1.852
 -1.832
 -1.812
 -1.792
 -1.772
 -1.752
 -1.732
 -1.712
 -1.692
 -1.672
 -1.652
 -1.632
 -1.612
 -1.592
 -1.572
 -1.552
 -1.532
 -1.512
 -1.491
 -1.471
 -1.451
 -1.431
 -1.411
 -1.391
 -1.371
 -1.351
 -1.331
 -1.311
 -1.291
 -1.271
 -1.251
 -1.231
 -1.211
 -1.191
 -1.171
 -1.151
 -1.131
 -1.111
 -1.091
 -1.071
 -1.051
 -1.031
 -1.011
 -0.991
 -0.971
 -0.951
 -0.931
 -0.911
 -0.891
 -0.871
 -0.851
 -0.831
 -0.811
 -0.791
 -0.771
 -0.751
 -0.731
 -0.711
 -0.691
 -0.671
 -0.651
 -0.631
 -0.611
 -0.591
 -0.571
 -0.551
 -0.531
 -0.511
 -0.490
 -0.470
 -0.450
 -0.430
 -0.410
 -0.390
 -0.370
 -0.350
 -0.330
 -0.310
 -0.290
 -0.270
 -0.250
 -0.230
 -0.210
 -0.190
 -0.170
 -0.150
 -0.130
 -0.110
 -0.090
 -0.070
 -0.050
 -0.030
 -0.010
  0.010
  0.030
  0.050
  0.070
  0.090
  0.110
  0.130
  0.150
  0.170
  0.190
  0.210
  0.230
  0.250
  0.270
  0.290
  0.310
  0.330
  0.350
  0.370
  0.390
  0.410
  0.430
  0.450
  0.470
  0.490
  0.511
  0.531
  0.551
  0.571
  0.591
  0.611
  0.631
  0.651
  0.671
  0.691
  0.711
  0.731
  0.751
  0.771
  0.791
  0.811
  0.831
  0.851
  0.871
  0.891
  0.911
  0.931
  0.951
  0.971
  0.991
  1.011
  1.031
  1.051
  1.071
  1.091
  1.111
  1.131
  1.151
  1.171
  1.191
  1.211
  1.231
  1.251
  1.271
  1.291
  1.311
  1.331
  1.351
  1.371
  1.391
  1.411
  1.431
  1.451
  1.471
  1.491
  1.512
  1.532
  1.552
  1.572
  1.592
  1.612
  1.632
  1.652
  1.672
  1.692
  1.712
  1.732
  1.752
  1.772
  1.792
  1.812
  1.832
  1.852
  1.872
  1.892
  1.912
  1.932
  1.952
  1.972
  1.992
  2.012
  2.032
  2.052
  2.072
  2.092
  2.112
  2.132
  2.152
  2.172
  2.192
  2.212
  2.232
  2.252
  2.272
  2.292
  2.312
  2.332
  2.352
  2.372
  2.392
  2.412
  2.432
  2.452
  2.472
  2.492
  2.513
  2.533
  2.553
  2.573
  2.593
  2.613
  2.633
  2.653
  2.673
  2.693
  2.713
  2.733
  2.753
  2.773
  2.793
  2.813
  2.833
  2.853
  2.873
  2.893
  2.913
  2.933
  2.953
  2.973
  2.993
  3.013
  3.033
  3.053
  3.073
  3.093
  3.113
  3.133
  3.153
  3.173
  3.193
  3.213
  3.233
  3.253
  3.273
  3.293
  3.313
  3.333
  3.353
  3.373
  3.393
  3.413
  3.433
  3.453
  3.473
  3.493
  3.514
  3.534
  3.554
  3.574
  3.594
  3.614
  3.634
  3.654
  3.674
  3.694
  3.714
  3.734
  3.754
  3.774
  3.794
  3.814
  3.834
  3.854
  3.874
  3.894
  3.914
  3.934
  3.954
  3.974
  3.994
  4.014
  4.034
  4.054
  4.074
  4.094
  4.114
  4.134
  4.154
  4.174
  4.194
  4.214
  4.234
  4.254
  4.274
  4.294
  4.314
  4.334
  4.354
  4.374
  4.394
  4.414
  4.434
  4.454
  4.474
  4.494
  4.515
  4.535
  4.555
  4.575
  4.595
  4.615
  4.635
  4.655
  4.675
  4.695
  4.715
  4.735
  4.755
  4.775
  4.795
  4.815
  4.835
  4.855
  4.875
  4.895
  4.915
  4.935
  4.955
  4.975
  4.995
  5.015
  5.035
  5.055
  5.075
  5.095
  5.115
  5.135
  5.155
  5.175
  5.195
  5.215
  5.235
  5.255
  5.275
  5.295
  5.315
  5.335
  5.355
  5.375
  5.395
  5.415
  5.435
  5.455
  5.475
  5.495
  5.516
  5.536
  5.556
  5.576
  5.596
  5.616
  5.636
  5.656
  5.676
  5.696
  5.716
  5.736
  5.756
  5.776
  5.796
  5.816
  5.836
  5.856
  5.876
  5.896
  5.916
  5.936
  5.956
  5.976
  5.996
  6.016
  6.036
  6.056
  6.076
  6.096
  6.116
  6.136
  6.156
  6.176
  6.196
  6.216
  6.236
  6.256
  6.276
  6.296
  6.316
  6.336
  6.356
  6.376
  6.396
  6.416
  6.436
  6.456
  6.476
  6.496
  6.517
  6.537
  6.557
  6.577
  6.597
  6.617
  6.637
  6.657
  6.677
  6.697
  6.717
  6.737
  6.757
  6.777
  6.797
  6.817
  6.837
  6.857
  6.877
  6.897
  6.917
  6.937
  6.957
  6.977
  6.997
  7.017
  7.037
  7.057
  7.077
  7.097
  7.117
  7.137
  7.157
  7.177
  7.197
  7.217
  7.237
  7.257
  7.277
  7.297
  7.317
  7.337
  7.357
  7.377
  7.397
  7.417
  7.437
  7.457
  7.477
  7.497
  7.518
  7.538
  7.558
  7.578
  7.598
  7.618
  7.638
  7.658
  7.678
  7.698
  7.718
  7.738
  7.758
  7.778
  7.798
  7.818
  7.838
  7.858
  7.878
  7.898
  7.918
  7.938
  7.958
  7.978
  7.998
  8.018
  8.038
  8.058
  8.078
  8.098
  8.118
  8.138
  8.158
  8.178
  8.198
  8.218
  8.238
  8.258
  8.278
  8.298
  8.318
  8.338
  8.358
  8.378
  8.398
  8.418
  8.438
  8.458
  8.478
  8.498
  8.519
  8.539
  8.559
  8.579
  8.599
  8.619
  8.639
  8.659
  8.679
  8.699
  8.719
  8.739
  8.759
  8.779
  8.799
  8.819
  8.839
  8.859
  8.879
  8.899
  8.919
  8.939
  8.959
  8.979
  8.999
  9.019
  9.039
  9.059
  9.079
  9.099
  9.119
  9.139
  9.159
  9.179
  9.199
  9.219
  9.239
  9.259
  9.279
  9.299
  9.319
  9.339
  9.359
  9.379
  9.399
  9.419
  9.439
  9.459
  9.479
  9.499
  9.520
  9.540
  9.560
  9.580
  9.600
  9.620
  9.640
  9.660
  9.680
  9.700
  9.720
  9.740
  9.760
  9.780
  9.800
  9.820
  9.840
  9.860
  9.880
  9.900
  9.920
  9.940
  9.960
  9.980